0.205882 0.400735 0.316176 0.044118 0.033088
0.012605 0.243697 0.231092 0.352941 0.159664
0.293839 0.364929 0.222749 0.047393 0.071090
0.175182 0.364964 0.437956 0.007299 0.014599
0.022222 0.214815 0.244444 0.111111 0.407407
0.233871 0.016129 0.008065 0.645161 0.096774
0.486957 0.260870 0.226087 0.000000 0.026087
0.000000 0.037037 0.083333 0.055556 0.824074
0.088235 0.176471 0.215686 0.215686 0.303922
0.344828 0.183908 0.390805 0.034483 0.045977
0.012048 0.144578 0.192771 0.301205 0.349398
0.363636 0.337662 0.181818 0.038961 0.077922
0.000000 0.000000 0.029851 0.970149 0.000000
0.000000 0.183333 0.166667 0.233333 0.416667
0.960000 0.000000 0.000000 0.000000 0.040000
0.180000 0.320000 0.200000 0.280000 0.020000
0.939394 0.000000 0.060606 0.000000 0.000000
0.625000 0.000000 0.041667 0.208333 0.125000
0.000000 0.347826 0.652174 0.000000 0.000000
0.000000 0.142857 0.142857 0.095238 0.619048
0.000000 0.000000 0.150000 0.050000 0.800000
0.000000 0.000000 1.000000 0.000000 0.000000
0.000000 0.000000 1.000000 0.000000 0.000000
0.529412 0.117647 0.176471 0.000000 0.176471
0.000000 0.000000 0.062500 0.000000 0.937500
0.062500 0.000000 0.125000 0.812500 0.000000
0.133333 0.066667 0.066667 0.066667 0.666667
0.142857 0.214286 0.642857 0.000000 0.000000
0.083333 0.416667 0.166667 0.083333 0.250000
0.000000 0.000000 0.000000 0.000000 1.000000
0.000000 0.000000 0.000000 0.000000 1.000000
0.000000 0.100000 0.000000 0.000000 0.900000
0.666667 0.111111 0.000000 0.111111 0.111111
0.125000 0.375000 0.125000 0.000000 0.375000
0.000000 0.000000 0.000000 0.000000 1.000000
0.000000 0.000000 0.000000 0.000000 1.000000
0.000000 0.000000 0.000000 0.000000 1.000000
0.666667 0.000000 0.000000 0.333333 0.000000
0.000000 0.000000 0.000000 0.000000 1.000000
0.666667 0.000000 0.000000 0.000000 0.333333
0.000000 0.000000 0.000000 0.000000 1.000000
